Download Winning Numbers from www.calottery.com on 3/11/2018 1:48:38 PM for POWERBALL

Draw #      Draw Date           Number_1    Number_2    Number_3    Number_4    Number_5    Powerball
------  ------------------      --------    --------    --------    --------    --------    ---------

514     Sat. Mar 10, 2018          43          44          54          61          69          22     
513     Wed. Mar 07, 2018          6          13          19          36          51          18     
512     Sat. Mar 03, 2018          13          17          25          36          40          5     
511     Wed. Feb 28, 2018          12          30          59          65          69          16     
510     Sat. Feb 24, 2018          24          25          38          62          63          6     
509     Wed. Feb 21, 2018          7          15          31          34          36          8     
508     Sat. Feb 17, 2018          13          26          39          44          62          2     
507     Wed. Feb 14, 2018          37          39          44          46          69          26     
506     Sat. Feb 10, 2018          1          13          27          41          59          20     
505     Wed. Feb 07, 2018          23          34          35          40          47          10     
504     Sat. Feb 03, 2018          15          23          27          48          53          6     
503     Wed. Jan 31, 2018          4          7          14          46          59          22     
502     Sat. Jan 27, 2018          17          21          26          47          54          7     
501     Wed. Jan 24, 2018          5          9          11          33          64          21     
500     Sat. Jan 20, 2018          26          28          47          49          58          3     
499     Wed. Jan 17, 2018          3          33          37          51          57          21     
498     Sat. Jan 13, 2018          14          25          35          58          69          24     
497     Wed. Jan 10, 2018          7          24          33          49          50          4     
496     Sat. Jan 06, 2018          12          29          30          33          61          26     
495     Wed. Jan 03, 2018          2          18          37          39          42          12     
494     Sat. Dec 30, 2017          28          36          41          51          58          24     
493     Wed. Dec 27, 2017          3          9          16          56          60          3     
492     Sat. Dec 23, 2017          1          3          13          15          44          25     
491     Wed. Dec 20, 2017          1          20          61          64          69          20     
490     Sat. Dec 16, 2017          9          35          37          50          63          11     
489     Wed. Dec 13, 2017          2          24          28          51          58          7     
488     Sat. Dec 09, 2017          25          36          37          55          60          6     
487     Wed. Dec 06, 2017          19          20          50          55          62          9     
486     Sat. Dec 02, 2017          28          30          32          36          58          6     
485     Wed. Nov 29, 2017          24          26          28          59          63          16     
484     Sat. Nov 25, 2017          8          13          27          53          54          4     
483     Wed. Nov 22, 2017          35          37          46          51          61          13     
482     Sat. Nov 18, 2017          17          28          31          32          39          26     
481     Wed. Nov 15, 2017          23          32          44          48          50          25     
480     Sat. Nov 11, 2017          4          6          16          30          56          18     
479     Wed. Nov 08, 2017          12          14          20          21          34          22     
478     Sat. Nov 04, 2017          12          14          26          48          51          13     
477     Wed. Nov 01, 2017          3          6          19          26          44          1     
476     Sat. Oct 28, 2017          27          35          38          57          66          10     
475     Wed. Oct 25, 2017          18          22          29          54          57          8     
474     Sat. Oct 21, 2017          14          41          42          45          69          4     
473     Wed. Oct 18, 2017          30          49          54          66          69          8     
472     Sat. Oct 14, 2017          32          37          56          66          69          11     
471     Wed. Oct 11, 2017          1          3          13          19          69          23     
470     Sat. Oct 07, 2017          10          49          61          63          65          7     
469     Wed. Oct 04, 2017          22          23          62          63          66          24     
468     Sat. Sep 30, 2017          8          12          25          41          64          15     
467     Wed. Sep 27, 2017          8          10          21          23          25          22     
466     Sat. Sep 23, 2017          24          45          55          56          57          19     
465     Wed. Sep 20, 2017          39          48          53          67          68          26     
464     Sat. Sep 16, 2017          17          18          24          25          31          24     
463     Wed. Sep 13, 2017          17          24          35          57          63          19     
462     Sat. Sep 09, 2017          6          20          29          57          59          22     
461     Wed. Sep 06, 2017          8          14          32          58          67          17     
460     Sat. Sep 02, 2017          6          21          41          52          62          26     
459     Wed. Aug 30, 2017          19          28          43          67          69          7     
458     Sat. Aug 26, 2017          7          15          32          38          66          15     
457     Wed. Aug 23, 2017          6          7          16          23          26          4     
456     Sat. Aug 19, 2017          17          19          39          43          68          13     
455     Wed. Aug 16, 2017          9          15          43          60          64          4     
454     Sat. Aug 12, 2017          20          24          26          35          49          19     
453     Wed. Aug 09, 2017          12          30          36          47          62          9     
452     Sat. Aug 05, 2017          11          21          28          33          45          11     
451     Wed. Aug 02, 2017          1          16          54          63          69          18     
450     Sat. Jul 29, 2017          1          28          40          45          48          12     
449     Wed. Jul 26, 2017          7          19          21          42          69          12     
448     Sat. Jul 22, 2017          5          32          44          53          60          9     
447     Wed. Jul 19, 2017          50          51          59          61          63          4     
446     Sat. Jul 15, 2017          9          40          63          64          66          17     
445     Wed. Jul 12, 2017          1          2          18          23          61          9     
444     Sat. Jul 08, 2017          8          10          29          40          59          26     
443     Wed. Jul 05, 2017          4          9          16          54          68          21     
442     Sat. Jul 01, 2017          19          42          45          48          53          16     
441     Wed. Jun 28, 2017          29          37          46          53          68          8     
440     Sat. Jun 24, 2017          10          22          32          36          58          10     
439     Wed. Jun 21, 2017          14          46          61          65          68          13     
438     Sat. Jun 17, 2017          10          13          32          53          62          21     
437     Wed. Jun 14, 2017          5          22          43          57          63          24     
436     Sat. Jun 10, 2017          20          26          32          38          58          3     
435     Wed. Jun 07, 2017          5          21          57          66          69          13     
434     Sat. Jun 03, 2017          3          9          21          41          54          25     
433     Wed. May 31, 2017          4          33          39          46          60          6     
432     Sat. May 27, 2017          5          10          28          55          67          9     
431     Wed. May 24, 2017          28          32          33          38          62          15     
430     Sat. May 20, 2017          5          22          45          47          54          3     
429     Wed. May 17, 2017          4          11          39          45          48          9     
428     Sat. May 13, 2017          17          20          32          63          68          19     
427     Wed. May 10, 2017          29          31          46          56          62          8     
426     Sat. May 06, 2017          11          21          31          41          59          21     
425     Wed. May 03, 2017          17          18          49          59          66          9     
424     Sat. Apr 29, 2017          22          23          24          45          62          5     
423     Wed. Apr 26, 2017          1          15          18          26          51          26     
422     Sat. Apr 22, 2017          21          39          41          48          63          6     
421     Wed. Apr 19, 2017          1          19          37          40          52          15     
420     Sat. Apr 15, 2017          5          22          26          45          61          13     
419     Wed. Apr 12, 2017          8          14          61          63          68          24     
418     Sat. Apr 08, 2017          23          36          51          53          60          15     
417     Wed. Apr 05, 2017          8          20          46          53          54          13     
416     Sat. Apr 01, 2017          9          32          36          44          65          1     
415     Wed. Mar 29, 2017          8          15          31          36          62          11     
414     Sat. Mar 25, 2017          18          31          32          45          48          16     
413     Wed. Mar 22, 2017          2          9          27          29          42          9     
412     Sat. Mar 18, 2017          13          25          44          54          67          5     
411     Wed. Mar 15, 2017          16          30          41          48          53          16     
410     Sat. Mar 11, 2017          1          26          41          50          57          11     
409     Wed. Mar 08, 2017          23          33          42          46          59          4     
408     Sat. Mar 04, 2017          2          18          19          22          63          19     
407     Wed. Mar 01, 2017          10          16          40          52          55          17     
406     Sat. Feb 25, 2017          6          32          47          62          65          19     
405     Wed. Feb 22, 2017          10          13          28          52          61          2     
404     Sat. Feb 18, 2017          3          7          9          31          33          20     
403     Wed. Feb 15, 2017          5          28          33          38          42          19     
402     Sat. Feb 11, 2017          5          9          17          37          64          2     
401     Wed. Feb 08, 2017          14          20          42          49          66          5     
400     Sat. Feb 04, 2017          6          13          16          17          52          25     
399     Wed. Feb 01, 2017          9          43          57          60          64          10     
398     Sat. Jan 28, 2017          12          20          39          49          69          17     
397     Wed. Jan 25, 2017          18          28          62          66          68          22     
396     Sat. Jan 21, 2017          23          25          45          52          67          2     
395     Wed. Jan 18, 2017          9          40          41          53          58          12     
394     Sat. Jan 14, 2017          23          55          59          64          69          13     
393     Wed. Jan 11, 2017          1          3          13          16          43          24     
392     Sat. Jan 07, 2017          3          12          24          37          63          10     
391     Wed. Jan 04, 2017          16          17          29          41          42          4     
390     Sat. Dec 31, 2016          1          3          28          57          67          9     
389     Wed. Dec 28, 2016          16          23          30          44          58          4     
388     Sat. Dec 24, 2016          28          38          42          51          52          21     
387     Wed. Dec 21, 2016          25          33          40          54          68          3     
386     Sat. Dec 17, 2016          1          8          16          40          48          10     
385     Wed. Dec 14, 2016          18          26          37          39          66          15     
384     Sat. Dec 10, 2016          12          21          32          44          66          15     
383     Wed. Dec 07, 2016          41          48          49          53          64          20     
382     Sat. Dec 03, 2016          8          10          26          27          33          22     
381     Wed. Nov 30, 2016          3          14          18          25          45          7     
380     Sat. Nov 26, 2016          17          19          21          37          44          16     
379     Wed. Nov 23, 2016          7          32          41          47          61          3     
378     Sat. Nov 19, 2016          16          24          28          43          61          21     
377     Wed. Nov 16, 2016          28          41          61          63          65          7     
376     Sat. Nov 12, 2016          8          17          20          27          52          24     
375     Wed. Nov 09, 2016          1          25          28          31          54          2     
374     Sat. Nov 05, 2016          21          31          50          51          69          8     
373     Wed. Nov 02, 2016          13          18          37          54          61          5     
372     Sat. Oct 29, 2016          19          20          21          42          48          23     
371     Wed. Oct 26, 2016          2          3          16          48          56          24     
370     Sat. Oct 22, 2016          1          28          33          55          56          22     
369     Wed. Oct 19, 2016          10          16          38          43          63          23     
368     Sat. Oct 15, 2016          23          49          57          64          67          20     
367     Wed. Oct 12, 2016          16          30          34          37          44          16     
366     Sat. Oct 08, 2016          3          54          61          64          68          9     
365     Wed. Oct 05, 2016          8          18          27          29          60          15     
364     Sat. Oct 01, 2016          2          12          50          61          64          1     
363     Wed. Sep 28, 2016          30          38          52          53          62          1     
362     Sat. Sep 24, 2016          7          15          20          29          41          22     
361     Wed. Sep 21, 2016          1          28          63          67          69          17     
360     Sat. Sep 17, 2016          9          19          51          55          62          14     
359     Wed. Sep 14, 2016          10          11          23          28          31          14     
358     Sat. Sep 10, 2016          3          17          49          55          68          8     
357     Wed. Sep 07, 2016          22          23          29          33          55          21     
356     Sat. Sep 03, 2016          7          39          50          59          67          25     
355     Wed. Aug 31, 2016          5          10          24          56          61          12     
354     Sat. Aug 27, 2016          4          32          48          49          63          20     
353     Wed. Aug 24, 2016          9          11          25          64          65          16     
352     Sat. Aug 20, 2016          3          6          21          60          68          24     
351     Wed. Aug 17, 2016          33          44          49          50          52          8     
350     Sat. Aug 13, 2016          38          44          60          64          69          6     
349     Wed. Aug 10, 2016          23          56          61          64          67          12     
348     Sat. Aug 06, 2016          20          33          36          47          52          12     
347     Wed. Aug 03, 2016          9          11          27          66          67          2     
346     Sat. Jul 30, 2016          11          17          21          23          32          5     
345     Wed. Jul 27, 2016          10          47          50          65          68          24     
344     Sat. Jul 23, 2016          5          7          23          35          39          11     
343     Wed. Jul 20, 2016          6          25          35          58          66          5     
342     Sat. Jul 16, 2016          11          17          40          50          62          26     
341     Wed. Jul 13, 2016          3          15          29          54          57          10     
340     Sat. Jul 09, 2016          10          28          32          61          64          12     
339     Wed. Jul 06, 2016          2          24          31          57          66          18     
338     Sat. Jul 02, 2016          10          34          39          59          63          4     
337     Wed. Jun 29, 2016          23          29          37          60          64          6     
336     Sat. Jun 25, 2016          3          27          36          56          69          25     
335     Wed. Jun 22, 2016          14          40          42          43          52          17     
334     Sat. Jun 18, 2016          2          23          41          53          63          11     
333     Wed. Jun 15, 2016          4          22          24          31          33          10     
332     Sat. Jun 11, 2016          20          27          36          41          58          7     
331     Wed. Jun 08, 2016          12          25          37          60          69          20     
330     Sat. Jun 04, 2016          16          20          22          43          64          17     
329     Wed. Jun 01, 2016          23          30          33          40          69          12     
328     Sat. May 28, 2016          6          33          34          58          59          12     
327     Wed. May 25, 2016          11          24          41          59          64          15     
326     Sat. May 21, 2016          5          7          9          23          32          26     
325     Wed. May 18, 2016          23          25          39          54          67          11     
324     Sat. May 14, 2016          13          27          47          64          65          9     
323     Wed. May 11, 2016          20          32          52          66          69          23     
322     Sat. May 07, 2016          5          25          26          44          66          9     
321     Wed. May 04, 2016          30          47          57          66          69          3     
320     Sat. Apr 30, 2016          3          12          16          32          34          14     
319     Wed. Apr 27, 2016          2          25          33          39          64          17     
318     Sat. Apr 23, 2016          19          35          46          59          62          13     
317     Wed. Apr 20, 2016          12          25          30          52          62          8     
316     Sat. Apr 16, 2016          3          18          25          32          51          3     
315     Wed. Apr 13, 2016          30          33          35          38          64          22     
314     Sat. Apr 09, 2016          14          22          23          41          61          9     
313     Wed. Apr 06, 2016          4          28          49          60          65          25     
312     Sat. Apr 02, 2016          9          28          30          40          61          3     
311     Wed. Mar 30, 2016          24          44          53          55          63          19     
310     Sat. Mar 26, 2016          11          23          42          52          68          6     
309     Wed. Mar 23, 2016          5          8          15          22          49          25     
308     Sat. Mar 19, 2016          11          23          43          54          60          3     
307     Wed. Mar 16, 2016          10          12          13          46          50          21     
306     Sat. Mar 12, 2016          11          28          50          57          62          23     
305     Wed. Mar 09, 2016          14          23          32          34          68          3     
304     Sat. Mar 05, 2016          3          27          34          59          69          19     
303     Wed. Mar 02, 2016          12          13          44          52          62          6     
302     Sat. Feb 27, 2016          10          11          21          22          53          18     
301     Wed. Feb 24, 2016          21          31          64          65          67          5     
300     Sat. Feb 20, 2016          11          12          15          16          54          25     
299     Wed. Feb 17, 2016          7          17          27          29          40          25     
298     Sat. Feb 13, 2016          7          15          18          19          36          20     
297     Wed. Feb 10, 2016          2          3          40          50          62          5     
296     Sat. Feb 06, 2016          4          13          31          36          52          8     
295     Wed. Feb 03, 2016          26          28          31          60          67          23     
294     Sat. Jan 30, 2016          5          12          16          31          43          18     
293     Wed. Jan 27, 2016          3          12          40          52          67          21     
292     Sat. Jan 23, 2016          22          32          34          40          69          19     
291     Wed. Jan 20, 2016          5          39          44          47          69          24     
290     Sat. Jan 16, 2016          3          51          52          61          64          6     
289     Wed. Jan 13, 2016          4          8          19          27          34          10     
288     Sat. Jan 09, 2016          16          19          32          34          57          13     
287     Wed. Jan 06, 2016          2          11          47          62          63          17     
286     Sat. Jan 02, 2016          5          6          15          29          42          10     
285     Wed. Dec 30, 2015          12          36          38          54          61          22     
284     Sat. Dec 26, 2015          27          40          44          59          65          20     
283     Wed. Dec 23, 2015          16          38          55          63          67          25     
282     Sat. Dec 19, 2015          28          30          41          59          68          10     
281     Wed. Dec 16, 2015          9          10          32          42          55          6     
280     Sat. Dec 12, 2015          2          14          19          30          62          22     
279     Wed. Dec 09, 2015          7          10          16          46          56          1     
278     Sat. Dec 05, 2015          13          27          33          47          68          13     
277     Wed. Dec 02, 2015          14          18          19          32          64          9     
276     Sat. Nov 28, 2015          2          6          47          66          67          2     
275     Wed. Nov 25, 2015          16          29          53          58          69          21     
274     Sat. Nov 21, 2015          37          47          50          52          57          21     
273     Wed. Nov 18, 2015          17          40          41          46          69          6     
272     Sat. Nov 14, 2015          14          22          37          45          66          5     
271     Wed. Nov 11, 2015          4          26          32          55          64          18     
270     Sat. Nov 07, 2015          7          16          25          50          53          15     
269     Wed. Nov 04, 2015          2          12          17          20          65          17     
268     Sat. Oct 31, 2015          9          20          25          47          68          7     
267     Wed. Oct 28, 2015          4          54          56          62          63          10     
266     Sat. Oct 24, 2015          20          31          56          60          64          2     
265     Wed. Oct 21, 2015          30          32          42          56          57          11     
264     Sat. Oct 17, 2015          48          49          57          62          69          19     
263     Wed. Oct 14, 2015          15          20          29          31          40          1     
262     Sat. Oct 10, 2015          12          27          29          43          68          1     
261     Wed. Oct 07, 2015          18          30          40          48          52          9     
260     Sat. Oct 03, 2015          6          26          33          44          46          4     
259     Wed. Sep 30, 2015          21          39          40          55          59          17     
258     Sat. Sep 26, 2015          23          31          42          50          57          5     
257     Wed. Sep 23, 2015          8          29          41          51          58          5     
256     Sat. Sep 19, 2015          12          17          26          43          48          24     
255     Wed. Sep 16, 2015          5          7          24          31          39          7     
254     Sat. Sep 12, 2015          2          3          13          16          35          27     
253     Wed. Sep 09, 2015          44          45          47          50          51          8     
252     Sat. Sep 05, 2015          10          16          18          29          45          19     
251     Wed. Sep 02, 2015          17          22          30          46          56          16     
250     Sat. Aug 29, 2015          18          21          25          28          29          16     
249     Wed. Aug 26, 2015          2          22          32          45          56          12     
248     Sat. Aug 22, 2015          4          12          14          21          55          7     
247     Wed. Aug 19, 2015          6          8          43          48          50          7     
246     Sat. Aug 15, 2015          3          13          17          42          52          24     
245     Wed. Aug 12, 2015          8          13          29          38          52          28     
244     Sat. Aug 08, 2015          9          34          48          52          54          15     
243     Wed. Aug 05, 2015          9          11          14          16          42          19     
242     Sat. Aug 01, 2015          7          13          24          49          57          15     
241     Wed. Jul 29, 2015          4          22          27          28          52          35     
240     Sat. Jul 25, 2015          27          29          34          41          44          2     
239     Wed. Jul 22, 2015          12          31          43          44          57          11     
238     Sat. Jul 18, 2015          6          37          39          45          55          33     
237     Wed. Jul 15, 2015          13          16          34          45          50          11     
236     Sat. Jul 11, 2015          11          39          46          52          54          3     
235     Wed. Jul 08, 2015          4          15          25          27          30          18     
234     Sat. Jul 04, 2015          3          6          14          18          24          21     
233     Wed. Jul 01, 2015          7          24          26          31          41          25     
232     Sat. Jun 27, 2015          18          28          35          46          49          27     
231     Wed. Jun 24, 2015          3          5          10          22          32          7     
230     Sat. Jun 20, 2015          9          10          16          20          57          15     
229     Wed. Jun 17, 2015          20          21          22          41          54          7     
228     Sat. Jun 13, 2015          29          41          48          52          54          29     
227     Wed. Jun 10, 2015          31          32          48          49          53          25     
226     Sat. Jun 06, 2015          8          13          18          27          43          15     
225     Wed. Jun 03, 2015          6          8          13          37          40          11     
224     Sat. May 30, 2015          8          9          25          56          57          22     
223     Wed. May 27, 2015          8          15          34          53          59          23     
222     Sat. May 23, 2015          9          15          17          31          43          16     
221     Wed. May 20, 2015          1          12          28          35          44          25     
220     Sat. May 16, 2015          24          29          38          48          52          32     
219     Wed. May 13, 2015          1          25          29          31          47          7     
218     Sat. May 09, 2015          4          15          17          35          58          17     
217     Wed. May 06, 2015          23          24          27          39          41          30     
216     Sat. May 02, 2015          2          6          11          30          31          33     
215     Wed. Apr 29, 2015          1          26          34          38          51          6     
214     Sat. Apr 25, 2015          21          33          35          38          45          12     
213     Wed. Apr 22, 2015          10          14          25          39          53          18     
212     Sat. Apr 18, 2015          13          22          23          29          31          17     
211     Wed. Apr 15, 2015          1          16          21          29          40          30     
210     Sat. Apr 11, 2015          1          12          32          42          58          12     
209     Wed. Apr 08, 2015          1          19          45          46          58          29     
208     Sat. Apr 04, 2015          33          39          40          41          54          28     
207     Wed. Apr 01, 2015          2          30          33          39          44          1     
206     Sat. Mar 28, 2015          2          4          6          12          38          17     
205     Wed. Mar 25, 2015          7          19          23          50          54          14     
204     Sat. Mar 21, 2015          11          16          30          38          42          7     
203     Wed. Mar 18, 2015          14          25          30          33          47          8     
202     Sat. Mar 14, 2015          8          14          39          46          47          18     
201     Wed. Mar 11, 2015          11          24          31          40          44          27     
200     Sat. Mar 07, 2015          34          36          38          42          50          33     
199     Wed. Mar 04, 2015          8          12          15          35          50          32     
198     Sat. Feb 28, 2015          11          17          25          28          46          12     
197     Wed. Feb 25, 2015          17          19          21          32          39          8     
196     Sat. Feb 21, 2015          10          14          18          34          51          26     
195     Wed. Feb 18, 2015          1          9          29          32          49          22     
194     Sat. Feb 14, 2015          1          24          44          45          51          28     
193     Wed. Feb 11, 2015          11          13          25          39          54          19     
192     Sat. Feb 07, 2015          5          10          21          34          58          33     
191     Wed. Feb 04, 2015          24          36          51          52          56          22     
190     Sat. Jan 31, 2015          5          11          16          26          50          34     
189     Wed. Jan 28, 2015          12          24          35          36          49          1     
188     Sat. Jan 24, 2015          16          19          20          29          33          10     
187     Wed. Jan 21, 2015          11          12          15          28          57          23     
186     Sat. Jan 17, 2015          15          16          23          27          36          9     
185     Wed. Jan 14, 2015          2          4          10          41          53          22     
184     Sat. Jan 10, 2015          2          9          19          28          29          19     
183     Wed. Jan 07, 2015          14          15          47          49          59          10     
182     Sat. Jan 03, 2015          4          18          43          46          55          25     
181     Wed. Dec 31, 2014          17          27          37          40          53          35     
180     Sat. Dec 27, 2014          7          10          11          14          36          15     
179     Wed. Dec 24, 2014          11          12          46          47          50          22     
178     Sat. Dec 20, 2014          14          15          19          31          56          5     
177     Wed. Dec 17, 2014          22          31          38          47          48          15     
176     Sat. Dec 13, 2014          5          13          28          43          55          33     
175     Wed. Dec 10, 2014          34          44          48          54          55          10     
174     Sat. Dec 06, 2014          12          15          22          43          49          14     
173     Wed. Dec 03, 2014          25          30          32          46          54          26     
172     Sat. Nov 29, 2014          13          24          30          42          48          27     
171     Wed. Nov 26, 2014          16          17          22          46          54          35     
170     Sat. Nov 22, 2014          23          49          53          54          57          35     
169     Wed. Nov 19, 2014          6          36          38          48          51          17     
168     Sat. Nov 15, 2014          13          16          33          35          51          28     
167     Wed. Nov 12, 2014          37          39          51          52          55          11     
166     Sat. Nov 08, 2014          9          19          33          38          54          15     
165     Wed. Nov 05, 2014          2          11          19          21          42          34     
164     Sat. Nov 01, 2014          1          3          13          25          38          17     
163     Wed. Oct 29, 2014          25          28          48          57          59          16     
162     Sat. Oct 25, 2014          6          10          51          54          57          12     
161     Wed. Oct 22, 2014          29          30          40          42          50          16     
160     Sat. Oct 18, 2014          20          26          27          36          54          19     
159     Wed. Oct 15, 2014          5          7          19          27          28          20     
158     Sat. Oct 11, 2014          10          19          37          38          39          28     
157     Wed. Oct 08, 2014          5          16          31          46          50          18     
156     Sat. Oct 04, 2014          13          18          24          25          33          31     
155     Wed. Oct 01, 2014          1          4          18          20          45          7     
154     Sat. Sep 27, 2014          2          11          35          52          54          13     
153     Wed. Sep 24, 2014          7          14          21          24          41          26     
152     Sat. Sep 20, 2014          22          23          30          37          39          16     
151     Wed. Sep 17, 2014          18          25          36          48          50          23     
150     Sat. Sep 13, 2014          1          6          16          37          53          27     
149     Wed. Sep 10, 2014          2          14          39          40          43          13     
148     Sat. Sep 06, 2014          9          29          31          43          50          18     
147     Wed. Sep 03, 2014          2          16          43          45          51          35     
146     Sat. Aug 30, 2014          5          28          31          52          59          27     
145     Wed. Aug 27, 2014          17          24          26          45          46          19     
144     Sat. Aug 23, 2014          28          32          35          36          52          31     
143     Wed. Aug 20, 2014          4          8          21          38          40          3     
142     Sat. Aug 16, 2014          7          8          17          48          59          9     
141     Wed. Aug 13, 2014          8          37          39          40          52          24     
140     Sat. Aug 09, 2014          3          12          31          34          51          24     
139     Wed. Aug 06, 2014          1          8          24          28          49          24     
138     Sat. Aug 02, 2014          12          26          44          46          47          29     
137     Wed. Jul 30, 2014          13          30          42          49          53          29     
136     Sat. Jul 26, 2014          24          28          30          38          39          16     
135     Wed. Jul 23, 2014          4          10          12          22          31          3     
134     Sat. Jul 19, 2014          10          17          25          45          53          9     
133     Wed. Jul 16, 2014          5          15          18          26          32          35     
132     Sat. Jul 12, 2014          2          3          7          23          51          26     
131     Wed. Jul 09, 2014          9          25          42          55          57          14     
130     Sat. Jul 05, 2014          24          34          36          57          58          11     
129     Wed. Jul 02, 2014          8          18          45          53          58          35     
128     Sat. Jun 28, 2014          8          12          34          43          56          9     
127     Wed. Jun 25, 2014          10          20          25          50          53          35     
126     Sat. Jun 21, 2014          5          6          37          41          54          26     
125     Wed. Jun 18, 2014          6          9          29          52          59          7     
124     Sat. Jun 14, 2014          9          33          42          45          54          30     
123     Wed. Jun 11, 2014          14          18          25          33          49          23     
122     Sat. Jun 07, 2014          28          30          35          58          59          15     
121     Wed. Jun 04, 2014          1          7          10          22          49          24     
120     Sat. May 31, 2014          15          27          31          34          48          1     
119     Wed. May 28, 2014          2          24          28          32          59          25     
118     Sat. May 24, 2014          15          16          28          49          55          18     
117     Wed. May 21, 2014          4          20          34          39          58          31     
116     Sat. May 17, 2014          23          32          39          47          49          22     
115     Wed. May 14, 2014          7          33          39          52          55          33     
114     Sat. May 10, 2014          4          31          41          47          55          1     
113     Wed. May 07, 2014          17          29          31          48          49          34     
112     Sat. May 03, 2014          5          15          16          46          49          26     
111     Wed. Apr 30, 2014          2          9          11          19          50          32     
110     Sat. Apr 26, 2014          3          7          22          30          33          20     
109     Wed. Apr 23, 2014          19          25          29          36          48          12     
108     Sat. Apr 19, 2014          5          6          29          35          51          21     
107     Wed. Apr 16, 2014          34          39          42          44          59          8     
106     Sat. Apr 12, 2014          14          26          45          54          55          20     
105     Wed. Apr 09, 2014          9          14          44          48          49          29     
104     Sat. Apr 05, 2014          11          21          26          33          34          29     
103     Wed. Apr 02, 2014          8          13          19          22          53          24     
102     Sat. Mar 29, 2014          2          3          12          27          38          17     
101     Wed. Mar 26, 2014          28          33          41          44          59          21     
100     Sat. Mar 22, 2014          13          28          31          55          58          15     
99     Wed. Mar 19, 2014          2          19          23          34          43          14     
98     Sat. Mar 15, 2014          2          5          34          51          58          9     
97     Wed. Mar 12, 2014          14          15          28          37          54          10     
96     Sat. Mar 08, 2014          10          14          24          32          41          30     
95     Wed. Mar 05, 2014          3          7          9          26          54          19     
94     Sat. Mar 01, 2014          3          8          25          30          47          13     
93     Wed. Feb 26, 2014          11          12          17          38          42          2     
92     Sat. Feb 22, 2014          2          3          13          14          54          4     
91     Wed. Feb 19, 2014          1          17          35          49          54          34     
90     Sat. Feb 15, 2014          2          9          14          21          23          3     
89     Wed. Feb 12, 2014          36          44          49          52          57          1     
88     Sat. Feb 08, 2014          24          25          34          37          54          29     
87     Wed. Feb 05, 2014          8          17          32          57          59          24     
86     Sat. Feb 01, 2014          5          12          15          27          38          7     
85     Wed. Jan 29, 2014          11          23          28          32          47          20     
84     Sat. Jan 25, 2014          8          12          18          55          57          2     
83     Wed. Jan 22, 2014          1          2          7          9          55          29     
82     Sat. Jan 18, 2014          13          14          19          31          38          25     
81     Wed. Jan 15, 2014          7          8          9          24          29          25     
80     Sat. Jan 11, 2014          10          15          33          48          54          34     
79     Wed. Jan 08, 2014          10          28          39          47          58          22     
78     Sat. Jan 04, 2014          19          20          37          41          58          14     
77     Wed. Jan 01, 2014          15          24          40          48          52          23     
76     Sat. Dec 28, 2013          8          35          44          51          56          18     
75     Wed. Dec 25, 2013          23          28          38          39          56          32     
74     Sat. Dec 21, 2013          25          36          40          45          51          8     
73     Wed. Dec 18, 2013          7          24          37          39          40          1     
72     Sat. Dec 14, 2013          14          25          32          33          41          34     
71     Wed. Dec 11, 2013          1          10          13          18          19          27     
70     Sat. Dec 07, 2013          13          20          32          45          48          17     
69     Wed. Dec 04, 2013          6          9          11          31          44          25     
68     Sat. Nov 30, 2013          5          26          44          45          57          29     
67     Wed. Nov 27, 2013          18          25          50          55          57          17     
66     Sat. Nov 23, 2013          5          12          43          52          55          10     
65     Wed. Nov 20, 2013          4          18          23          32          45          7     
64     Sat. Nov 16, 2013          10          29          37          44          59          10     
63     Wed. Nov 13, 2013          5          31          50          55          56          9     
62     Sat. Nov 09, 2013          3          9          37          49          56          32     
61     Wed. Nov 06, 2013          1          5          10          15          49          22     
60     Sat. Nov 02, 2013          13          23          24          27          40          17     
59     Wed. Oct 30, 2013          2          36          40          49          54          10     
58     Sat. Oct 26, 2013          4          6          34          49          56          29     
57     Wed. Oct 23, 2013          3          23          31          34          47          13     
56     Sat. Oct 19, 2013          9          33          54          56          57          5     
55     Wed. Oct 16, 2013          3          26          28          34          42          28     
54     Sat. Oct 12, 2013          8          10          26          57          58          4     
53     Wed. Oct 09, 2013          3          9          19          33          38          18     
52     Sat. Oct 05, 2013          11          12          17          39          40          5     
51     Wed. Oct 02, 2013          4          6          25          42          51          17     
50     Sat. Sep 28, 2013          14          47          52          53          54          5     
49     Wed. Sep 25, 2013          2          7          17          49          53          23     
48     Sat. Sep 21, 2013          12          17          45          54          58          13     
47     Wed. Sep 18, 2013          7          10          22          32          35          19     
46     Sat. Sep 14, 2013          1          17          25          37          44          20     
45     Wed. Sep 11, 2013          11          19          33          42          52          33     
44     Sat. Sep 07, 2013          2          19          22          26          45          24     
43     Wed. Sep 04, 2013          2          9          26          45          47          11     
42     Sat. Aug 31, 2013          2          7          25          40          56          20     
41     Wed. Aug 28, 2013          6          7          9          19          32          13     
40     Sat. Aug 24, 2013          12          17          25          45          59          19     
39     Wed. Aug 21, 2013          30          40          42          46          48          23     
38     Sat. Aug 17, 2013          18          21          46          54          56          23     
37     Wed. Aug 14, 2013          4          11          17          43          51          20     
36     Sat. Aug 10, 2013          4          12          14          37          58          13     
35     Wed. Aug 07, 2013          5          25          30          58          59          32     
34     Sat. Aug 03, 2013          21          24          36          42          45          15     
33     Wed. Jul 31, 2013          8          24          39          49          59          5     
32     Sat. Jul 27, 2013          9          23          40          53          58          6     
31     Wed. Jul 24, 2013          9          29          40          44          54          7     
30     Sat. Jul 20, 2013          14          25          27          38          58          6     
29     Wed. Jul 17, 2013          1          22          34          38          42          17     
28     Sat. Jul 13, 2013          2          8          22          35          37          6     
27     Wed. Jul 10, 2013          30          31          45          55          59          27     
26     Sat. Jul 06, 2013          2          13          35          36          52          11     
25     Wed. Jul 03, 2013          3          6          29          40          51          4     
24     Sat. Jun 29, 2013          8          28          30          53          56          16     
23     Wed. Jun 26, 2013          1          18          33          39          46          33     
22     Sat. Jun 22, 2013          13          19          23          33          57          28     
21     Wed. Jun 19, 2013          7          46          47          52          57          17     
20     Sat. Jun 15, 2013          28          36          40          48          55          1     
19     Wed. Jun 12, 2013          16          22          23          42          55          32     
18     Sat. Jun 08, 2013          2          11          22          26          32          19     
17     Wed. Jun 05, 2013          4          26          33          36          55          32     
16     Sat. Jun 01, 2013          22          28          33          53          59          14     
15     Wed. May 29, 2013          9          14          17          49          57          2     
14     Sat. May 25, 2013          2          6          19          21          27          25     
13     Wed. May 22, 2013          9          31          35          41          57          26     
12     Sat. May 18, 2013          10          13          14          22          52          11     
11     Wed. May 15, 2013          2          11          26          34          41          32     
10     Sat. May 11, 2013          6          13          19          23          43          16     
9     Wed. May 08, 2013          21          22          26          30          57          27     
8     Sat. May 04, 2013          7          12          26          36          40          17     
7     Wed. May 01, 2013          22          26          31          54          55          18     
6     Sat. Apr 27, 2013          3          23          48          54          55          5     
5     Wed. Apr 24, 2013          9          19          31          56          59          2     
4     Sat. Apr 20, 2013          6          8          30          39          48          20     
3     Wed. Apr 17, 2013          13          18          36          48          58          28     
2     Sat. Apr 13, 2013          10          12          31          56          57          33     
1     Wed. Apr 10, 2013          1          36          40          52          53          20     
